Number of schools: 20
Number of habitats: 20
Number of warehouses: 10
Number of scenarios: 3
Overhead direct: 100
Overhead indirect: 150,
Minimum demand of each adopted habitat to be satisfied: 0.50
School locations and Supply Capacity per scenario::
x	y	Cap1	Cap2	Cap3
4	44	611	801	990
29	24	369	476	655
37	39	398	499	651
13	64	552	803	1062
98	94	658	963	1313
3	99	282	431	588
70	3	251	357	496
48	81	376	574	714
77	90	550	790	1105
29	13	369	513	619
96	41	297	436	578
12	36	495	676	936
5	91	605	988	1357
17	1	780	977	1334
37	69	722	962	1285
25	73	334	520	632
59	71	240	356	429
56	48	510	787	990
80	49	448	683	848
91	15	366	573	766
Habitat locations and Demand per scenario::
x	y	Dem1	Dem2	Dem3
23	95	592	885	878
93	95	473	598	662
6	8	577	793	648
32	88	484	793	769
60	84	581	810	835
48	81	562	883	675
78	60	564	644	790
27	83	471	672	780
2	0	417	689	642
50	29	508	854	774
66	28	580	687	849
39	46	432	821	640
3	27	446	726	820
70	79	463	856	877
43	72	495	613	699
11	47	456	879	879
22	41	593	611	848
61	52	524	850	669
17	68	404	748	842
79	94	501	830	832
Warehouse locations, fixed cost and capacity::
x	y	FixedCost	Cap
10	12	47312	1872
10	40	40621	1479
83	95	19753	1620
91	7	26501	1890
1	69	24466	1493
46	72	43501	1761
94	14	28891	1670
46	23	41392	1851
41	37	24993	1319
8	80	17781	1735