Number of schools: 50
Number of habitats: 50
Number of warehouses: 10
Number of scenarios: 3
Overhead direct: 100
Overhead indirect: 150,
Minimum demand of each adopted habitat to be satisfied: 0.50
School locations and Supply Capacity per scenario::
x	y	Cap1	Cap2	Cap3
5	24	301	463	616
27	74	341	523	640
92	52	622	893	1116
4	48	583	964	1235
82	19	641	838	1070
78	2	473	627	756
86	53	431	717	868
43	8	260	400	541
24	58	285	412	536
70	7	684	925	1278
64	4	366	579	735
81	36	396	557	725
15	3	443	667	890
40	33	349	472	599
11	1	267	403	522
45	14	553	779	1085
61	61	465	657	859
92	8	655	929	1122
85	19	610	868	1183
4	44	260	429	516
72	44	679	940	1236
74	87	522	855	1157
89	92	458	676	927
45	88	544	897	1088
13	30	537	755	1048
14	95	342	511	640
66	48	303	415	518
1	42	468	611	759
32	96	349	529	640
73	46	612	803	963
33	22	608	796	990
1	51	310	488	645
12	73	364	476	649
84	73	542	701	863
40	85	690	876	1071
58	2	373	516	691
52	6	244	383	464
39	37	378	578	793
78	38	639	842	1071
57	26	422	693	909
35	78	267	414	511
1	54	274	381	526
14	15	671	985	1294
67	29	212	308	427
77	58	274	348	458
85	9	613	797	1111
87	14	487	726	901
29	83	320	405	501
21	49	384	592	819
4	89	392	520	706
Habitat locations and Demand per scenario::
x	y	Dem1	Dem2	Dem3
73	37	411	498	745
6	59	446	690	896
40	65	344	512	733
97	99	443	699	786
19	31	421	676	804
32	63	354	473	720
53	99	374	490	674
23	25	400	476	846
93	99	383	658	717
22	29	428	663	657
54	67	374	536	633
14	51	352	488	726
11	52	340	636	859
58	10	339	508	886
15	72	349	667	856
59	64	338	503	758
57	74	480	654	666
24	17	465	628	806
97	66	445	535	853
8	62	382	499	616
14	67	427	482	711
26	63	480	625	886
49	17	470	690	911
44	49	443	623	854
72	16	425	589	773
59	97	425	622	842
11	79	394	592	716
0	0	353	591	888
20	51	386	704	897
18	54	413	695	814
70	70	491	486	631
68	49	330	537	744
44	39	468	558	681
69	79	434	537	720
5	98	376	516	631
5	71	332	544	639
46	70	482	698	734
74	48	371	629	789
79	63	374	649	912
99	12	333	650	848
93	80	455	670	625
74	44	371	649	911
89	58	342	675	723
81	58	432	660	788
27	90	330	696	618
40	10	364	638	875
45	2	394	574	638
47	77	417	627	696
29	65	466	629	617
78	41	366	658	666
Warehouse locations, fixed cost and capacity::
x	y	FixedCost	Cap
89	27	19693	1710
82	97	41118	1439
66	84	20908	1777
49	75	25369	1764
34	13	35497	1870
32	57	31729	1408
55	31	37062	1693
89	0	52222	1882
54	23	38985	1547
52	3	40213	1385