Number of schools: 15
Number of habitats: 15
Number of warehouses: 7
Number of scenarios: 3
Overhead direct: 100
Overhead indirect: 150,
Minimum demand of each adopted habitat to be satisfied: 0.50
School locations and Supply Capacity per scenario::
x	y	Cap1	Cap2	Cap3
3	64	296	439	588
31	75	299	429	570
82	26	562	805	1095
22	79	495	643	877
15	70	233	387	484
28	96	707	935	1237
54	53	422	697	953
52	54	494	748	998
30	23	327	468	607
87	19	561	800	984
27	78	727	992	1370
43	36	598	795	1008
96	79	464	610	740
94	69	513	781	985
64	37	524	822	1130
Habitat locations and Demand per scenario::
x	y	Dem1	Dem2	Dem3
88	20	408	718	1134
21	52	350	738	1066
95	55	438	711	977
5	60	443	735	1111
35	36	433	567	997
85	33	342	532	930
81	14	447	537	1269
74	31	365	626	1092
62	71	427	518	1101
64	74	420	638	1015
60	36	467	627	1038
90	95	413	743	1251
72	44	375	653	1272
74	95	383	554	1131
20	58	433	645	1090
Warehouse locations, fixed cost and capacity::
x	y	FixedCost	Cap
50	33	5838	953
50	59	5451	800
78	9	9493	772
60	14	10788	1033
43	21	6373	1001
93	34	4820	812
44	61	4062	775