Number of schools: 15
Number of habitats: 15
Number of warehouses: 7
Number of scenarios: 3
Overhead direct: 100
Overhead indirect: 150,
Minimum demand of each adopted habitat to be satisfied: 0.50
School locations and Supply Capacity per scenario::
x	y	Cap1	Cap2	Cap3
1	3	291	415	560
34	75	249	336	414
72	99	503	718	912
39	11	236	322	401
47	21	407	637	780
78	90	411	543	672
23	52	413	677	896
60	99	264	395	519
37	88	370	524	678
4	31	449	676	865
91	52	446	705	911
4	37	265	334	412
77	55	364	553	714
48	6	302	390	489
16	72	331	540	677
Habitat locations and Demand per scenario::
x	y	Dem1	Dem2	Dem3
21	43	382	619	649
88	51	376	554	485
37	6	404	487	641
58	39	385	475	467
68	71	413	616	639
10	9	389	471	594
57	51	415	470	557
9	77	324	415	523
20	35	340	567	581
73	54	324	420	569
86	46	335	497	625
16	67	332	491	559
60	66	363	440	609
17	86	316	592	598
58	16	321	581	556
Warehouse locations, fixed cost and capacity::
x	y	FixedCost	Cap
19	45	7894	650
73	1	3865	526
84	94	7829	688
35	56	4516	627
71	1	7263	764
91	57	3649	552
58	60	7396	724