Number of schools: 50
Number of habitats: 50
Number of warehouses: 10
Number of scenarios: 3
Overhead direct: 100
Overhead indirect: 150,
Minimum demand of each adopted habitat to be satisfied: 0.50
School locations and Supply Capacity per scenario::
x	y	Cap1	Cap2	Cap3
1	3	291	415	560
34	75	249	336	414
72	99	503	718	912
39	11	236	322	401
47	21	407	637	780
78	90	411	543	672
23	52	413	677	896
60	99	264	395	519
37	88	370	524	678
4	31	449	676	865
91	52	446	705	911
4	37	265	334	412
77	55	364	553	714
48	6	302	390	489
16	72	331	540	677
67	49	284	443	570
52	99	662	853	1111
48	68	243	360	436
67	36	593	827	1058
54	30	225	306	411
73	98	509	822	1002
57	28	490	686	893
74	27	356	576	780
14	1	303	474	602
25	74	484	648	847
14	3	472	611	789
21	40	494	781	1042
19	37	420	582	776
40	13	465	732	1004
9	87	500	698	861
12	81	365	572	738
51	71	491	814	982
23	84	701	958	1271
35	56	383	596	800
1	95	481	615	809
13	16	509	706	960
52	61	471	708	913
63	8	384	529	689
9	27	556	843	1120
32	26	507	829	1009
93	81	654	874	1218
34	41	261	345	433
5	89	672	928	1249
64	39	425	617	766
45	31	210	347	426
14	66	462	760	946
84	42	239	376	515
77	99	545	696	945
55	6	570	857	1126
87	76	427	617	766
Habitat locations and Demand per scenario::
x	y	Dem1	Dem2	Dem3
59	76	307	577	750
85	33	323	584	694
53	62	357	634	578
34	38	431	523	664
99	96	433	556	717
90	32	315	669	625
36	23	365	520	564
32	98	382	623	738
8	13	361	675	630
59	53	383	577	627
44	1	330	570	548
11	13	353	703	602
51	70	400	616	742
76	72	416	610	756
42	59	362	550	571
57	93	386	712	579
29	8	372	689	583
75	35	382	716	682
10	90	428	611	630
85	96	422	609	687
95	4	321	566	775
46	44	316	565	682
27	21	333	520	735
45	35	334	740	697
0	70	394	612	541
13	36	384	530	618
47	62	407	552	543
0	57	428	534	634
43	89	410	675	696
17	50	367	606	543
17	94	400	551	722
38	18	324	555	679
87	10	341	579	560
71	68	314	571	632
72	56	298	672	671
17	44	367	765	615
6	85	309	532	689
29	31	409	725	639
65	27	410	564	572
12	36	405	563	674
32	75	430	568	682
30	5	343	626	547
37	65	355	766	533
36	89	372	630	751
63	5	311	553	773
67	7	310	530	765
10	93	435	754	580
20	77	299	599	641
3	90	402	653	686
31	59	425	650	621
Warehouse locations, fixed cost and capacity::
x	y	FixedCost	Cap
9	99	43489	1466
27	38	39534	1811
9	42	25355	1814
32	79	51403	1814
85	64	29500	1545
79	46	17306	1399
8	31	24610	1752
97	59	17768	1310
4	1	27452	1258
18	90	15739	1391