Number of schools: 20
Number of habitats: 20
Number of warehouses: 10
Number of scenarios: 3
Overhead direct: 100
Overhead indirect: 150,
Minimum demand of each adopted habitat to be satisfied: 0.50
School locations and Supply Capacity per scenario::
x	y	Cap1	Cap2	Cap3
3	64	296	439	588
31	75	299	429	570
82	26	562	805	1095
22	79	495	643	877
15	70	233	387	484
28	96	707	935	1237
54	53	422	697	953
52	54	494	748	998
30	23	327	468	607
87	19	561	800	984
27	78	727	992	1370
43	36	598	795	1008
96	79	464	610	740
94	69	513	781	985
64	37	524	822	1130
6	31	746	961	1191
57	80	485	755	985
20	88	509	644	843
76	78	303	498	657
79	87	482	718	914
Habitat locations and Demand per scenario::
x	y	Dem1	Dem2	Dem3
85	33	458	512	738
81	14	599	517	1007
74	31	488	603	866
62	71	572	499	874
64	74	562	614	806
60	36	624	603	823
90	95	553	715	993
72	44	502	628	1009
74	95	513	533	898
20	58	580	621	865
50	33	587	520	849
59	32	463	687	711
24	72	552	529	1018
54	43	470	715	725
93	34	500	515	830
61	24	429	700	968
25	75	533	672	802
95	19	518	574	942
55	0	520	681	733
55	32	561	689	846
Warehouse locations, fixed cost and capacity::
x	y	FixedCost	Cap
98	7	55149	1864
9	20	39639	1803
52	93	40290	1751
16	84	55179	1901
8	61	43906	2054
98	86	30541	1739
18	44	39705	1462
78	85	16693	1580
53	91	57214	1989
98	38	42843	1935