Number of schools: 20
Number of habitats: 20
Number of warehouses: 10
Number of scenarios: 3
Overhead direct: 100
Overhead indirect: 150,
Minimum demand of each adopted habitat to be satisfied: 0.50
School locations and Supply Capacity per scenario::
x	y	Cap1	Cap2	Cap3
1	3	291	415	560
34	75	249	336	414
72	99	503	718	912
39	11	236	322	401
47	21	407	637	780
78	90	411	543	672
23	52	413	677	896
60	99	264	395	519
37	88	370	524	678
4	31	449	676	865
91	52	446	705	911
4	37	265	334	412
77	55	364	553	714
48	6	302	390	489
16	72	331	540	677
67	49	284	443	570
52	99	662	853	1111
48	68	243	360	436
67	36	593	827	1058
54	30	225	306	411
Habitat locations and Demand per scenario::
x	y	Dem1	Dem2	Dem3
10	9	411	575	755
57	51	438	574	708
9	77	342	507	665
20	35	359	692	739
73	54	342	513	723
86	46	353	607	795
16	67	350	599	711
60	66	383	538	774
17	86	334	723	760
58	16	339	710	707
19	45	401	684	809
1	3	356	717	870
65	63	375	645	717
22	71	322	744	725
91	57	340	544	763
60	79	402	659	764
32	45	419	524	689
63	51	334	573	821
30	64	370	571	815
6	9	468	709	834
Warehouse locations, fixed cost and capacity::
x	y	FixedCost	Cap
74	97	22528	1237
6	79	13229	1200
89	89	34079	1383
64	39	24630	1294
21	45	13850	1220
3	13	26333	1131
65	4	31548	1174
42	10	31046	1151
77	99	38421	1353
79	55	28261	1090