Number of schools: 50
Number of habitats: 50
Number of warehouses: 10
Number of scenarios: 3
Overhead direct: 100
Overhead indirect: 150,
Minimum demand of each adopted habitat to be satisfied: 0.50
School locations and Supply Capacity per scenario::
x	y	Cap1	Cap2	Cap3
3	64	296	439	588
31	75	299	429	570
82	26	562	805	1095
22	79	495	643	877
15	70	233	387	484
28	96	707	935	1237
54	53	422	697	953
52	54	494	748	998
30	23	327	468	607
87	19	561	800	984
27	78	727	992	1370
43	36	598	795	1008
96	79	464	610	740
94	69	513	781	985
64	37	524	822	1130
6	31	746	961	1191
57	80	485	755	985
20	88	509	644	843
76	78	303	498	657
79	87	482	718	914
72	21	409	531	673
15	7	321	421	516
82	10	730	976	1233
30	44	496	686	920
69	2	512	702	946
64	49	405	561	714
94	44	467	598	832
60	90	704	947	1220
36	55	733	980	1363
41	16	480	751	989
73	52	479	684	867
76	11	468	651	823
18	78	237	367	493
60	14	708	999	1285
21	90	310	395	501
35	9	441	611	763
2	84	583	896	1211
51	72	438	554	686
43	32	597	842	1011
44	76	292	411	519
64	79	513	644	782
67	97	232	363	478
59	52	672	957	1272
16	84	641	812	987
61	95	556	698	957
49	37	295	428	522
85	78	589	901	1086
53	91	709	901	1259
38	78	475	724	976
45	82	411	569	682
Habitat locations and Demand per scenario::
x	y	Dem1	Dem2	Dem3
66	56	604	713	830
46	96	531	850	874
47	14	490	921	879
16	18	501	654	643
9	64	596	659	684
11	97	465	754	743
44	61	623	671	683
77	12	437	889	717
51	6	518	886	745
40	41	456	664	711
99	84	597	734	810
13	82	492	948	890
81	61	519	833	884
67	41	638	740	749
79	15	497	812	781
8	29	615	802	892
43	91	589	892	690
49	76	480	728	664
3	28	609	923	657
46	29	454	896	726
55	35	626	694	670
86	53	441	956	862
38	19	447	810	907
95	92	646	903	698
86	43	462	798	877
86	16	563	932	644
29	70	559	762	692
0	79	440	749	835
32	20	448	918	719
17	2	434	867	900
43	82	618	687	912
53	34	456	888	630
66	25	452	755	684
20	23	517	899	905
39	27	575	948	882
11	7	489	864	853
26	77	437	822	631
1	89	438	734	787
22	45	548	809	653
56	24	518	972	838
12	28	509	825	728
2	24	497	685	637
13	12	595	956	689
58	74	451	858	853
45	47	555	834	936
53	8	468	943	906
77	97	580	714	831
33	77	495	816	740
66	77	603	852	726
5	0	447	707	713
Warehouse locations, fixed cost and capacity::
x	y	FixedCost	Cap
49	63	14848	1402
4	67	22027	1449
87	13	21020	1633
41	27	42099	1971
59	89	54505	1877
6	2	51887	1890
82	81	27906	1553
93	79	29062	1407
79	12	36255	1542
35	97	37808	1874