Number of schools: 20
Number of habitats: 20
Number of warehouses: 10
Number of scenarios: 3
Overhead direct: 100
Overhead indirect: 150,
Minimum demand of each adopted habitat to be satisfied: 0.50
School locations and Supply Capacity per scenario::
x	y	Cap1	Cap2	Cap3
2	83	613	777	967
32	25	237	383	490
27	12	328	411	499
30	95	314	482	581
31	46	369	512	685
53	93	486	739	946
39	2	238	337	453
56	26	613	921	1127
83	55	594	846	1181
45	25	265	388	487
59	15	664	849	1050
74	37	707	915	1236
86	67	661	932	1167
71	37	419	586	795
90	4	494	681	827
87	90	498	702	886
55	90	276	454	546
84	28	368	502	683
71	7	238	312	374
67	58	606	862	1041
Habitat locations and Demand per scenario::
x	y	Dem1	Dem2	Dem3
47	71	464	571	768
69	32	447	573	871
41	54	534	584	943
91	53	583	625	824
69	64	469	593	946
73	91	407	767	831
3	31	470	692	703
16	5	467	745	746
45	91	540	528	685
89	87	574	568	802
34	39	517	763	688
80	17	432	738	656
45	18	583	748	718
38	7	414	767	745
42	96	440	557	817
10	2	543	714	883
29	10	406	630	925
29	85	444	734	740
92	32	565	528	799
30	70	546	735	701
Warehouse locations, fixed cost and capacity::
x	y	FixedCost	Cap
86	2	21961	1580
7	99	30452	1845
21	91	22341	1616
40	62	39192	1631
14	53	43660	1656
51	99	15227	1461
42	74	28517	1676
10	48	32190	1715
65	45	31698	1706
89	97	25809	1839