Number of schools: 20
Number of habitats: 20
Number of warehouses: 10
Number of scenarios: 3
Overhead direct: 100
Overhead indirect: 150,
Minimum demand of each adopted habitat to be satisfied: 0.50
School locations and Supply Capacity per scenario::
x	y	Cap1	Cap2	Cap3
5	24	301	463	616
27	74	341	523	640
92	52	622	893	1116
4	48	583	964	1235
82	19	641	838	1070
78	2	473	627	756
86	53	431	717	868
43	8	260	400	541
24	58	285	412	536
70	7	684	925	1278
64	4	366	579	735
81	36	396	557	725
15	3	443	667	890
40	33	349	472	599
11	1	267	403	522
45	14	553	779	1085
61	61	465	657	859
92	8	655	929	1122
85	19	610	868	1183
4	44	260	429	516
Habitat locations and Demand per scenario::
x	y	Dem1	Dem2	Dem3
61	57	536	735	1100
5	77	566	748	999
39	86	479	738	1124
3	6	417	590	1044
55	94	420	755	907
35	26	521	637	852
65	24	394	621	963
83	21	455	760	916
30	5	535	630	1071
81	0	456	569	1067
81	22	394	642	893
18	61	416	699	887
82	82	557	699	1014
86	16	470	729	1112
94	11	504	518	909
61	69	494	529	835
18	6	469	608	944
27	86	544	610	1093
79	36	503	579	1009
4	56	459	712	852
Warehouse locations, fixed cost and capacity::
x	y	FixedCost	Cap
23	18	27625	1318
11	60	24635	1903
15	97	33712	1577
67	29	25046	1317
94	77	19309	1694
93	58	22132	1869
71	85	53458	1948
14	60	21860	1544
29	83	41018	1408
18	21	29974	1633