Number of schools: 50
Number of habitats: 50
Number of warehouses: 10
Number of scenarios: 3
Overhead direct: 100
Overhead indirect: 150,
Minimum demand of each adopted habitat to be satisfied: 0.50
School locations and Supply Capacity per scenario::
x	y	Cap1	Cap2	Cap3
2	83	613	777	967
32	25	237	383	490
27	12	328	411	499
30	95	314	482	581
31	46	369	512	685
53	93	486	739	946
39	2	238	337	453
56	26	613	921	1127
83	55	594	846	1181
45	25	265	388	487
59	15	664	849	1050
74	37	707	915	1236
86	67	661	932	1167
71	37	419	586	795
90	4	494	681	827
87	90	498	702	886
55	90	276	454	546
84	28	368	502	683
71	7	238	312	374
67	58	606	862	1041
73	60	470	676	908
36	18	409	554	700
28	18	530	776	1016
72	23	728	930	1215
97	38	498	675	896
39	26	699	936	1294
7	92	418	689	870
40	64	262	414	501
38	84	350	506	699
75	1	291	375	515
93	17	420	628	803
63	91	290	382	472
20	81	215	312	385
97	85	302	447	543
11	92	345	505	703
24	12	409	659	793
77	72	528	802	979
7	40	587	891	1221
26	80	387	493	623
88	1	410	620	831
78	80	316	409	492
51	19	283	354	490
32	21	673	943	1167
40	62	529	715	878
53	63	612	872	1220
32	2	444	594	791
35	10	476	639	822
65	45	547	798	1099
97	92	291	441	587
66	79	419	593	783
Habitat locations and Demand per scenario::
x	y	Dem1	Dem2	Dem3
63	16	425	505	930
15	15	405	671	748
0	88	495	489	1017
75	78	457	461	775
4	30	496	591	831
51	65	374	560	974
90	92	380	579	732
55	55	489	473	692
79	59	422	495	978
50	47	410	602	788
22	92	435	510	790
62	47	494	644	868
16	15	446	679	955
72	57	416	644	720
10	37	501	642	959
32	11	476	597	684
36	50	457	618	748
62	5	506	572	967
6	59	412	594	930
66	12	519	470	1004
25	20	355	494	690
66	99	364	585	734
83	70	377	628	963
20	63	371	530	995
43	6	506	665	822
50	76	367	675	746
38	16	379	512	893
50	18	430	499	689
87	5	423	621	836
17	76	479	458	836
30	38	398	599	787
95	26	375	671	948
27	67	471	635	900
45	46	480	567	725
5	41	408	630	908
64	75	414	641	857
16	31	359	524	784
15	60	505	579	1006
44	36	377	533	891
34	30	361	475	887
22	1	459	541	1003
66	64	403	632	866
75	39	449	560	886
97	81	489	580	944
54	26	408	651	1003
60	7	372	565	812
94	95	491	471	823
77	27	376	551	982
35	34	481	474	834
68	80	518	536	785
Warehouse locations, fixed cost and capacity::
x	y	FixedCost	Cap
29	31	27737	1378
66	53	23385	1263
48	28	31554	1347
36	3	45025	1812
22	27	39299	1633
92	74	46842	1566
45	6	41379	1591
45	19	43729	1613
42	7	16922	1336
26	93	29380	1866