Number of schools: 50
Number of habitats: 50
Number of warehouses: 10
Number of scenarios: 3
Overhead direct: 100
Overhead indirect: 150,
Minimum demand of each adopted habitat to be satisfied: 0.50
School locations and Supply Capacity per scenario::
x	y	Cap1	Cap2	Cap3
4	44	611	801	990
29	24	369	476	655
37	39	398	499	651
13	64	552	803	1062
98	94	658	963	1313
3	99	282	431	588
70	3	251	357	496
48	81	376	574	714
77	90	550	790	1105
29	13	369	513	619
96	41	297	436	578
12	36	495	676	936
5	91	605	988	1357
17	1	780	977	1334
37	69	722	962	1285
25	73	334	520	632
59	71	240	356	429
56	48	510	787	990
80	49	448	683	848
91	15	366	573	766
72	82	249	386	537
95	97	777	988	1374
35	1	291	476	579
87	66	294	442	608
41	66	524	728	996
89	72	616	886	1208
80	96	382	506	668
81	16	510	779	1064
34	26	455	754	905
7	31	299	427	537
53	87	542	740	929
88	31	623	919	1188
15	76	255	422	529
22	44	630	850	1155
30	87	677	985	1325
46	5	351	564	730
27	95	638	990	1269
95	5	662	916	1196
61	85	312	492	657
1	51	685	902	1252
49	79	546	879	1077
84	76	253	372	464
87	83	672	971	1186
91	7	582	910	1094
69	26	362	523	702
67	73	606	963	1259
36	46	353	464	614
41	37	208	303	368
80	63	201	308	420
25	85	402	544	695
Habitat locations and Demand per scenario::
x	y	Dem1	Dem2	Dem3
70	97	322	607	983
76	78	388	641	912
93	40	402	705	1005
56	58	301	843	1088
14	98	399	691	1124
72	30	323	610	1107
98	30	387	725	848
0	69	334	670	978
22	52	354	637	1106
31	35	428	684	854
77	75	303	639	1093
64	17	406	844	814
46	7	335	600	1088
63	25	376	766	1022
47	94	407	610	830
84	46	443	649	1030
50	33	423	778	847
37	46	379	832	920
0	97	339	579	945
27	46	332	687	1031
85	51	412	589	863
6	8	447	647	899
94	68	445	623	1135
69	20	426	623	971
29	79	354	840	836
22	57	315	776	1124
20	25	449	684	1073
50	39	389	678	884
76	36	407	819	817
18	28	339	650	877
56	26	363	730	961
10	42	309	706	859
5	82	370	802	1046
94	1	302	569	1013
72	12	446	579	1136
58	39	321	699	1123
36	23	447	774	1047
88	19	321	836	791
1	54	436	739	980
77	18	407	810	1054
3	54	309	758	1038
38	84	342	686	970
51	85	437	677	1076
19	66	354	767	1025
36	68	418	637	774
47	9	328	649	919
61	99	381	653	1110
90	27	362	729	1090
98	21	422	605	838
41	20	322	842	861
Warehouse locations, fixed cost and capacity::
x	y	FixedCost	Cap
69	95	40339	1916
43	82	17368	1461
26	98	38568	1728
45	51	33704	1886
97	51	26563	1896
19	29	49863	1995
18	56	59263	1980
41	40	23773	1674
17	18	22437	1563
44	0	40352	1640